   2981     566    5416     -942     -24  -16352     -745    -858   -1127
   2986     569    5401     -923      11  -15760     -549   -1040   -1416
   2986     569    5401     -846      -6  -16225     -650    -932    -818
   2986     569    5401     -917      75  -16021     -895    -564    -852
   2986     569    5401     -833      43  -16155     -972    -875   -1062
   2976     590    5418     -818     -56  -15904     -762    -762    -944
   2976     590    5418     -863    -157  -16001     -898    -850   -1383
   2976     590    5418     -877     -71  -15933     -899    -874   -1187
   2976     590    5418     -946      76  -15876     -783    -841   -1057
   2976     590    5418     -875      -1  -15946     -697    -965   -1218
   2948     588    5434     -965     -19  -15977     -652   -1041   -1217
   2948     588    5434     -908      20  -16012     -712    -736   -1324
   2948     588    5434     -798      43  -15889     -723    -970    -861
   2948     588    5434     -849     -27  -15985     -744    -849   -1391
   2963     572    5428     -954     -28  -15972     -779    -830   -1364
   2963     572    5428     -873     -75  -15993     -861    -812   -1144
   2963     572    5428     -865      31  -16041     -632    -625   -1118
   2963     572    5428     -981     -19  -16000     -838   -1133   -1184
   2969     586    5428     -900     -16  -15965     -890    -788   -1323
   2969     586    5428     -889     -19  -15985     -751    -597   -1152
   2969     586    5428     -859     -73  -16042     -690    -951   -1211
   2969     586    5428    -1001     -45  -15852     -789   -1035   -1232
   2969     586    5428     -918     -32  -15972     -859    -639   -1081
   3003     582    5401     -792     240  -16099     -787    -983   -1153
   3003     582    5401     -886      22  -16160     -745   -1044   -1093
   3003     582    5401     -940      -2  -15994     -726   -1030   -1216
   3003     582    5401     -891      -7  -16047    -1002    -713   -1265
   2960     572    5433     -844     -46  -15899     -935   -1001   -1300
   2960     572    5433     -948     -34  -15969     -767   -1069   -1301
   2960     572    5433     -873      11  -15953     -803    -840   -1212
   2960     572    5433     -864      -4  -16018    -1020    -875   -1226
   2990     601    5411     -908      -6  -15961     -893    -793    -996
   2990     601    5411     -910     -12  -16022     -646    -897    -601
   2990     601    5411     -858     -28  -16165     -834    -909   -1473
   2990     601    5411     -846       8  -15988     -873    -940   -1008
   2990     601    5411     -897      11  -15941     -697    -849   -1281
   2995     584    5446     -891     -13  -16048     -636    -841   -1216
   2995     584    5446     -832     -20  -16035    -1050    -637   -1104
   2995     584    5446     -920     -20  -15997     -791    -877    -977
   2995     584    5446     -897     -19  -16029     -788    -591   -1151
   2952     605    5494     -944     -14  -15860     -703    -941   -1046
   2952     605    5494     -932     -64  -16025     -915    -940   -1165
   2952     605    5494     -851       9  -16141     -844   -1013   -1105
   2952     605    5494     -847      -9  -15953     -768    -585    -914
   2952     605    5494     -861     -58  -15928     -687    -863   -1034
   2950     577    5437     -822     -36  -16136     -947   -1047   -1060
   2950     577    5437     -856      42  -15955     -848    -829   -1284
   2950     577    5437     -903      -5  -16064     -716    -851   -1139
   2950     577    5437     -870     -36  -16049     -770    -852   -1207
   2958     592    5460     -898     -12  -15971     -770    -861    -934
   2958     592    5460     -871     -13  -16017     -999    -713    -654
   2958     592    5460     -839      27  -16072     -777   -1030   -1421
   2958     592    5460     -828      14  -16040     -706    -959   -1178
   2958     592    5460     -927      51  -15946     -747   -1101   -1184
   2972     586    5491     -905     -17  -16001     -764   -1087   -1235
   2972     586    5491     -914     -26  -16087     -779    -927   -1184
   2972     586    5491     -844      23  -15978     -803   -1079   -1410
   2972     586    5491     -934     -12  -15944     -944    -896   -1338
   2966     592    5454     -845     -39  -15994     -969    -697   -1149
   2966     592    5454     -882      -8  -15949     -697    -829   -1551
   2966     592    5454     -858      52  -15945     -873    -676   -1470
   2966     592    5454     -944     -52  -15988     -787   -1035   -1144
   2966     560    5451     -863      -9  -15981     -973    -916   -1074
   2966     560    5451     -890     -12  -15922    -1140    -796   -1405
   2966     560    5451     -889      -9  -16020     -792    -645    -943
   2966     560    5451     -837      11  -15947    -1167   -1010   -1142
   2966     560    5451     -951     -47  -15952     -936    -923    -982
   2966     595    5424     -923       5  -16040     -704    -859    -953
   2966     595    5424     -888     -24  -16017     -761    -840   -1526
   2966     595    5424     -893      -7  -16012    -1055    -723   -1083
   2966     595    5424     -896     -22  -16001     -922    -765   -1284
   2956     590    5441     -850       8  -15926     -776    -836    -931
   2956     590    5441     -837      43  -16036    -1075    -851    -863
   2956     590    5441     -867       5  -15965     -898    -855   -1287
   2956     590    5441     -924     -18  -15997     -996    -755   -1310
   2956     590    5441     -854      24  -15912     -890    -762   -1130
   2962     628    5474     -915     -45  -16060     -844    -953   -1078
   2962     628    5474     -815     -15  -16053     -657    -936   -1054
   2962     628    5474     -970       4  -16049     -806   -1013   -1003
   2962     628    5474     -815     -37  -16120     -764    -936   -1085
   2921     585    5501     -904       8  -15988     -872    -978   -1096
   2921     585    5501     -854     -22  -15931     -870    -770   -1169
   2921     585    5501    -1017     237  -16008     -763   -1024   -1003
   2921     585    5501     -891     -13  -16016     -696    -844   -1179
   2978     618    5451     -953     -19  -15988    -1010    -875   -1113
   2978     618    5451     -885     -19  -16064    -1119    -947   -1272
   2978     618    5451     -850     -16  -15973     -848    -937   -1465
   2978     618    5451     -883     -25  -15954     -644    -870   -1396
   2978     618    5451     -873     -21  -15953    -1097    -789   -1345
   2957     580    5454     -855     -27  -15889     -968    -789    -994
   2957     580    5454     -895     -21  -16048     -786   -1025   -1057
   2957     580    5454     -901     -15  -16081     -922    -807   -1383
   2957     580    5454     -935      61  -16084     -621   -1070   -1501
   2964     573    5436     -882     -20  -16044     -847    -830   -1268
   2964     573    5436     -905      13  -16008     -629    -978   -1368
   2964     573    5436     -908      10  -16037     -813    -781   -1255
   2964     573    5436     -866       6  -15952     -900    -771   -1278
   2946     606    5436     -866     -24  -16029     -754   -1076   -1205
   2946     606    5436     -775      -9  -15945     -909    -869   -1324
   2946     606    5436     -922      38  -16104     -991    -949   -1198
   2946     606    5436     -904     -24  -15837     -865    -933   -1197
   2946     606    5436     -851       3  -15971     -837    -964   -1407
   2962     595    5503     -964     -82  -15908     -723   -1002   -1303
   2962     595    5503     -933       9  -15984     -687   -1072   -1429
   2962     595    5503     -906     -18  -15997     -976    -633   -1032
   2962     595    5503     -899     -25  -15968     -838    -836   -1426
   2942     592    5424     -818     -14  -15881    -1030    -712   -1259
   2942     592    5424     -897     -19  -15984     -893    -757   -1359
   2942     592    5424     -908      -6  -15993     -745    -883   -1277
   2942     592    5424     -897     -19  -15988    -1002    -821   -1100
   2950     607    5487     -908     -10  -15979     -993    -798   -1179
   2950     607    5487     -893       7  -16141     -822    -929   -1020
   2950     607    5487     -835     -45  -15998     -598   -1139   -1560
   2950     607    5487     -803      33  -16056     -787    -679    -973
   2950     607    5487     -905     -19  -16041     -873    -899   -1256
   2969     574    5446     -834      -8  -16044     -790    -880   -1052
   2969     574    5446     -845     -11  -16137     -761    -903   -1054
   2969     574    5446     -921      11  -15993     -786    -880   -1362
   2969     574    5446     -908     -24  -15978     -777   -1008   -1198
   2953     580    5474     -926      10  -16024     -854    -790   -1303
   2953     580    5474     -913     -19  -16023     -805    -942   -1401
   2953     580    5474     -909      -3  -15948     -847    -760   -1537
   2953     580    5474     -897     -15  -16176     -925    -821   -1146
   2953     580    5474     -865     -13  -16000     -961    -873   -1199
   2964     577    5438     -899     -13  -15976     -726    -892    -970
   2964     577    5438     -913     -19  -15891     -929    -769   -1158
   2964     577    5438     -957     -11  -16065     -935    -825   -1081
   2964     577    5438     -860      -8  -15988     -661    -913   -1222
   2939     616    5450     -940     -20  -16089     -682    -853   -1329
   2939     616    5450     -804      28  -16178     -870    -666   -1317
   2939     616    5450     -815     -19  -15965     -948    -640   -1151
   2939     616    5450     -917     -13  -15993     -820    -587   -1076
   2939     616    5450     -899     -33  -15921     -845    -978   -1319
   2965     580    5410     -908      -4  -16040     -579    -815   -1575
   2965     580    5410     -877      35  -15961     -866    -659    -844
   2965     580    5410     -896     -50  -16050     -783    -964   -1593
   2965     580    5410     -886     -28  -15909     -693   -1000   -1230
   2978     592    5401     -903       5  -15929     -665    -843   -1170
   2978     592    5401     -922     -20  -16080     -904    -744    -774
   2978     592    5401     -928     -20  -16033     -778    -992   -1132
   2978     592    5401     -910     -24  -16009     -748    -865   -1384
   2938     612    5393     -861     -25  -16020     -722    -964    -804
   2938     612    5393     -900     -20  -16033     -712    -730   -1302
   2938     612    5393     -913     -19  -16005     -783    -764   -1011
   2938     612    5393     -919      21  -16018     -797    -751   -1421
   2938     612    5393     -842     -14  -15907     -707    -804   -1050
   2952     595    5399     -865     -19  -15941     -593    -803   -1348
   2952     595    5399     -866      -6  -15956     -855    -857   -1654
   2952     595    5399     -869     -25  -15941     -841    -789   -1327
   2952     595    5399     -950      10  -16029     -820    -992   -1111
   2968     597    5430     -874      13  -16096     -948   -1003   -1235
   2968     597    5430     -862      -4  -16024     -847    -994   -1149
   2968     597    5430     -868      16  -16121     -911    -834   -1529
   2968     597    5430     -905     241  -15956     -840    -796   -1386
   2954     584    5418     -948     -64  -15899     -931    -799   -1033
   2954     584    5418     -883     -27  -15928     -597   -1013    -828
   2954     584    5418     -901      -1  -16012     -960    -938   -1303
   2954     584    5418     -904       1  -16016     -691    -921   -1100
   2954     584    5418     -911       3  -15976     -820    -843   -1409
   2970     583    5362    -1091     -23  -16177     -815    -812    -989
   2970     583    5362     -896      -4  -16051     -559    -948    -907
   2970     583    5362     -926     -18  -16109     -881    -739   -1057
   2970     583    5362     -923     -19  -15892     -825   -1134   -1006
   2935     583    5420     -819     -19  -16056     -899    -847   -1303
   2935     583    5420     -888     -88  -15776     -783    -905   -1270
   2935     583    5420     -919     -31  -16053     -944   -1024   -1243
   2935     583    5420     -982     -30  -15960     -661    -675   -1140
   2935     583    5420     -893     -45  -16128     -850    -887   -1190
   2970     610    5384     -887     -45  -15959     -896    -992   -1230
   2970     610    5384     -836     -52  -15954     -687    -946   -1241
   2970     610    5384     -908     -28  -15973     -873    -934   -1192
   2970     610    5384     -825      -9  -16139     -643    -792   -1186
   2967     585    5412     -979      15  -16001     -941    -789   -1254
   2967     585    5412     -891     -43  -15977    -1137    -788   -1206
   2967     585    5412     -856     -20  -16043     -812    -842   -1184
   2967     585    5412     -946     -50  -16113     -875    -661   -1197
   2967     585    5412     -871     -63  -15984     -754    -791   -1327
   3000     593    5407     -904       6  -16013     -819    -820   -1116
   3000     593    5407     -916     -10  -15994     -850    -628   -1292
   3000     593    5407     -898     -30  -15961     -812    -909    -979
   3000     593    5407     -867       9  -15984    -1056    -914    -930
   2960     586    5410     -896     -28  -15952     -735    -801   -1260
   2960     586    5410     -944      -4  -16073     -844   -1056   -1087
   2960     586    5410     -893     -21  -16001    -1027    -765   -1011
   2960     586    5410     -981      13  -15968     -716    -797   -1082
   2960     586    5410     -879      35  -16022     -726    -879   -1297
   2986     591    5381     -883     -19  -16068     -953    -795   -1254
   2986     591    5381     -930       0  -15997     -745    -797   -1181
   2986     591    5381     -895     -31  -16112     -633    -625   -1249
   2986     591    5381     -915     -27  -16029     -733    -733   -1260
   2958     584    5421     -851      13  -15973     -725    -612    -945
   2958     584    5421     -898     -20  -15930     -728   -1011    -847
   2958     584    5421     -885      21  -15996     -882   -1044   -1011
   2958     584    5421     -923     -35  -16144     -752    -929   -1244
   2958     584    5421     -941     -15  -15889     -655    -801   -1089
   2933     604    5422     -876     -32  -16052     -735    -877   -1256
   2933     604    5422     -919     -19  -15977    -1026    -733   -1354
   2933     604    5422     -897      23  -15936    -1004    -728   -1351
   2933     604    5422     -890      32  -15949     -681    -895   -1171
   2955     580    5438     -971     -39  -15961     -956    -928   -1327
   2955     580    5438    -1005     -33  -16005     -722    -995   -1148
   2955     580    5438     -952      -4  -15969     -819    -841   -1238
   2955     580    5438     -876     -42  -16041     -855    -802    -987
   2955     580    5438     -886       6  -15912     -876    -814    -942
   2976     592    5403     -912     -20  -15984    -1001    -772   -1233
   2976     592    5403     -967     -23  -15963     -901    -872   -1140
   2976     592    5403     -870     242  -16041     -895    -762   -1259
   2976     592    5403     -883     -19  -16113     -775    -782   -1091
   2926     600    5397     -917     -45  -16008     -883    -656   -1111
   2926     600    5397     -914     -20  -15993     -720    -932   -1399
   2926     600    5397     -863     -37  -15992     -750    -789   -1221
   2926     600    5397     -886       6  -15993     -710    -824   -1227
   2926     600    5397     -914     -20  -16009    -1039   -1060   -1176
   2950     598    5449     -907     -29  -16033     -544    -886   -1316
   2950     598    5449     -878       0  -15953    -1101    -672   -1259
   2950     598    5449     -843      -5  -15993    -1036    -841   -1127
   2950     598    5449     -884       6  -15997     -914   -1090   -1498
   2962     581    5438     -855     -25  -16059     -794    -992   -1301
   2962     581    5438     -855      -7  -16000     -881    -677   -1180
   2962     581    5438     -943      43  -16059     -777    -893   -1046
   2962     581    5438     -904      -4  -16008     -745    -717   -1289
   2962     581    5438     -933      83  -16457     -705    -723    -762
   2946     585    5408    -1022     -52  -16156    -1070    -949   -1157
   2946     585    5408     -910     -20  -16120     -922    -781   -1106
   2946     585    5408     -923     -55  -16016     -764    -942   -1527
   2946     585    5408     -920      44  -15960     -873    -759    -968
   2966     564    5399     -912    -230  -15921     -969    -907   -1307
   2966     564    5399     -952      60  -16120     -841    -957   -1108
   2966     564    5399     -905     -19  -16075     -751   -1001   -1129
   2966     564    5399     -886      -2  -16120     -694    -794   -1074
   2966     564    5399     -931     -19  -16077     -980    -624   -1057
   2948     570    5431     -940     -20  -16037     -873    -939   -1170
   2948     570    5431     -897      29  -15988     -627   -1072   -1243
   2948     570    5431     -935      -5  -16001     -816   -1058   -1131
   2948     570    5431     -912     -34  -15977     -989    -948   -1408
   2953     588    5444     -835     -23  -15929     -534    -818   -1192
   2953     588    5444     -916     -12  -16073     -609    -787   -1014
   2953     588    5444     -926      -4  -16089     -927   -1029   -1189
   2953     588    5444     -908     -12  -16049     -793    -936   -1189
   2953     588    5444     -849     -19  -16017     -698    -817   -1180
   2933     594    5410     -849      -2  -16080     -880   -1082   -1443
   2933     594    5410     -905       1  -16008     -841    -943   -1359
   2933     594    5410     -908      12  -15952    -1065    -730   -1317
   2933     594    5410     -973     -29  -16009     -959    -916   -1457
   2968     579    5447     -902     -40  -15912    -1008    -725   -1183
   2968     579    5447     -991     -23  -16032     -896   -1020   -1448
   2968     579    5447     -854     -20  -16131    -1146    -823   -1147
   2968     579    5447     -830      54  -15977     -847    -735   -1253
   2968     579    5447     -942     -32  -15997     -879    -838   -1063
   2968     598    5413     -941     -19  -16008     -795    -769    -956
   2968     598    5413     -848      28  -16045     -953    -805   -1461
   2968     598    5413     -924     -20  -15947    -1014   -1021   -1266
   2968     598    5413     -880     -20  -16064     -636    -979   -1063
   2929     558    5505     -922      20  -15953     -991    -875   -1204
   2929     558    5505     -900      26  -15888     -571    -848   -1140
   2929     558    5505     -894     -20  -15946     -916    -908   -1183
   2929     558    5505     -924     -20  -16009     -909    -959   -1119
   2929     558    5505     -923       5  -15927     -629   -1010    -792
   2955     600    5472     -918     -20  -15977     -818    -885   -1252
   2955     600    5472     -944       8  -16012     -709    -924   -1049
   2955     600    5472     -920     -36  -16072     -996    -803   -1145
   2955     600    5472     -901     -39  -15997     -739    -976   -1281
   2968     586    5431     -949       9  -15926    -1047    -800   -1275
   2968     586    5431     -890     -22  -15992     -829    -894   -1019
   2968     586    5431     -872     -18  -15963     -970    -925   -1120
   2968     586    5431     -892     -22  -15977     -726    -851   -1514
   2968     586    5431     -885      14  -16057     -639    -922   -1646
   2993     581    5447     -862     -12  -16009    -1001    -900    -952
   2993     581    5447     -924     -20  -16000     -908    -939   -1120
   2993     581    5447     -893      -9  -16013     -837   -1023   -1017
   2993     581    5447     -915     -23  -15993     -993    -943   -1321
   2978     600    5456     -839      13  -16067     -775    -715   -1249
   2978     600    5456     -920      -4  -16072     -601    -707   -1054
   2978     600    5456     -962     -36  -15978    -1005    -860   -1305
   2978     600    5456     -856     -24  -15984     -569    -902   -1218
   2978     600    5456     -856      34  -15985     -924    -905   -1448
   2980     595    5489     -869     -19  -16040     -902    -897   -1240
   2980     595    5489     -864      -4  -16069    -1091    -658   -1334
   2980     595    5489     -909     -11  -15941     -808    -865   -1181
   2980     595    5489     -788     -36  -15981     -735    -618   -1247
   2943     598    5420     -921       1  -16005     -754   -1011   -1095
   2943     598    5420     -900     -14  -15992     -739    -823   -1183
   2943     598    5420     -918      38  -15995     -771   -1025   -1073
   2943     598    5420     -839      51  -16100     -745    -931   -1231
   2915     605    5459     -963     -45  -15936     -556    -684   -1273
   2915     605    5459     -933     -19  -16332     -758    -806   -1226
   2915     605    5459     -906     -34  -15984     -681    -766   -1119
   2915     605    5459     -921     -21  -16012     -646    -823   -1183
   2915     605    5459     -901      -1  -15980     -858    -710   -1354
   2983     584    5412     -784     -20  -15897    -1078    -719   -1362
   2983     584    5412     -891     -68  -16068     -782    -820   -1246
   2983     584    5412     -890     -20  -16089     -927    -709   -1187
   2983     584    5412     -938      10  -15835     -793   -1030   -1144
   2940     579    5410     -913      -1  -16016     -767    -709   -1235
   2940     579    5410     -937     -19  -15903     -870    -779   -1160
   2940     579    5410     -938    -240  -16013    -1033   -1034   -1129
   2940     579    5410     -878     -20  -15978     -874    -913   -1066
   2940     579    5410     -888       2  -15956     -771   -1022   -1217
   2955     604    5435     -881     -29  -16036     -766    -908   -1124
   2955     604    5435     -941     -19  -15969     -739    -871   -1161
   2955     604    5435     -915     -13  -15972     -895    -808   -1030
   2955     604    5435     -931     -33  -16039     -926   -1033   -1341
   2938     579    5408     -871     -19  -16008     -624    -878    -927
   2938     579    5408    -1008     -50  -15928     -800    -975    -849
   2938     579    5408     -800      -6  -15944    -1021    -776    -849
   2938     579    5408     -922      12  -15951     -847    -847   -1020
   2938     579    5408     -873     -49  -15981     -881    -814   -1028
   2944     578    5435     -896     -20  -16069     -835   -1031   -1432
   2944     578    5435     -829      29  -16051     -743    -936   -1402
   2944     578    5435     -913      -7  -15960    -1066    -942    -716
   2944     578    5435     -780      82  -16087     -779    -615    -963
   2930     560    5443     -961      -9  -15972     -775    -964   -1326
   2930     560    5443     -919      17  -16010     -989   -1005   -1018
   2930     560    5443     -902      20  -16024     -617    -840   -1183
   2930     560    5443     -870     -68  -16054     -938    -846   -1294
   2930     560    5443     -909     -13  -16068     -745    -789   -1100
   2959     569    5411     -865     -19  -16112     -761   -1021   -1033
   2959     569    5411     -882     -20  -15980     -787   -1073   -1146
   2959     569    5411     -891     -15  -16026     -911    -960   -1534
   2959     569    5411     -885     -11  -16004     -824    -858   -1187
   2964     535    5404     -971      13  -16027     -893    -975   -1426
   2964     535    5404     -968      32  -15881     -742    -971    -918
   2964     535    5404     -905      11  -16029     -977    -818   -1055
   2964     535    5404     -879      -5  -16125     -961    -712   -1530
   2964     535    5404     -884     -32  -15968     -918    -713    -824
   2939     564    5493     -871     -31  -15992     -818    -972   -1327
   2939     564    5493     -805      25  -16056     -627    -766   -1319
   2939     564    5493     -972      20  -15892     -713    -757   -1157
   2939     564    5493     -920     -38  -16121     -646    -972   -1376
   2951     574    5425     -856     -16  -15941     -803    -877   -1363
   2951     574    5425     -822       2  -16024     -854    -882   -1800
   2951     574    5425     -918     -56  -16076     -969   -1011   -1413
   2951 